local admins = {
2231723972
192820906,
657771628,
472365096,
829674730,
635394516,
1163780619,
270910992,
1856287351,
1034639406,
635700286,
109005564,
592899655,
2450155212,
129937823,
339534281,
1189895702,
2299283602,
797816410,
1019343619,
2816360150,
528326376,
375960249,
739882441,
2595391638,
934186290,
2280761733,
152593874,
2020392322,
2749274811,
2771450512,
1063600607,
2677060753,
343003105,
484425451,
452937026,
1131079805,
631189257,
1135876880,
1831066947,
662909867,
1695491070,
609780892,
1351364921,
1247499537,
1523308930,
508960114,
1760871312,
1737043543,
156361940,
1032512530,
961173404,
1227461716,
65982206,
71141904,
2319713723,
1081002403,
2276936260,
887621889,
957203137,
340841927,
2800239555,
2797777746,
890401937,
483930193,
2768565364,
709296259,
2387121462,
709296259,
717109730,
181256477
}
return admins
